40
193
51
213
111
253
151
276
180
281
170
309
170
343
182
373
196
386
190
397
180
414
180
431
188
450
201
463
192
473
181
471
170
468
163
475
159
497
164
526
176
551
187
570
206
582
220
577
256
580
290
585
353
605
372
625
406
637
413
635
430
637
432
628
438
624
428
601
454
569
456
536
453
525
468
511
449
455
472
442
494
432
476
369
482
363
530
350
536
335
520
286
526
274
579
269
625
269
636
258
657
129
655
117
632
117
528
133
419
161
410
171
465
305
464
319
410
332
414
302
406
259
380
224
363
209
384
181
400
139
417
88
423
57
418
45
408
43
390
58
364
88
336
128
312
171
302
198
260
207
220
229
212
229
121
194
























































































































































































































































































































































