48
77
46
91
53
110
66
135
101
200
147
269
160
280
199
275
214
269
220
271
218
302
228
341
248
372
279
399
270
404
241
423
225
441
217
437
108
487
111
495
157
548
202
521
241
500
290
514
302
543
314
561
337
567
344
564
363
567
385
567
418
558
426
558
432
566
451
569
477
554
500
527
506
504
506
485
492
470
509
466
516
455
510
436
490
417
450
401
450
393
473
377
494
350
509
314
509
283
502
260
497
240
504
236
527
242
544
245
552
239
573
211
610
117
628
53
626
32
611
30
540
45
483
64
422
90
391
110
392
134
402
167
399
175
354
171
322
179
290
191
286
183
289
135
289
113
281
105
250
97
179
81
122
74
69
73
























































































































































































































































































































































