219
362
227
375
227
384
235
368
246
366
257
375
262
384
262
370
273
362
283
368
286
375
277
353
275
338
278
322
277
305
279
282
302
291
322
298
353
296
383
292
400
282
407
310
399
338
395
354
387
373
406
364
415
368
416
377
430
365
455
382
























































































































































































































































































































































































































































