75
116
71
140
77
173
93
217
87
248
74
274
53
290
26
298
2
299
21
316
13
325
47
329
74
324
95
315
117
303
135
285
142
272
152
258
148
277
145
301
161
289
173
272
177
256
197
256
207
284
213
311
215
334
210
358
205
367
221
362
























































































































































































































































































































































































































































