223
26
249
97
249
97
241
120
195
7
170
56
178
98






































































































































































































































































































































































































































































































